{
 "cells": [
  {
   "cell_type": "code",
   "execution_count": 77,
   "id": "58901cff-4b30-4d55-96f8-e5cc02ae7445",
   "metadata": {
    "scrolled": true
   },
   "outputs": [],
   "source": [
    "import csv\n",
    "import glob\n",
    "import os\n",
    "import h5py\n",
    "import cv2\n",
    "import numpy as np\n",
    "import torch\n",
    "import trimesh\n",
    "from PIL import Image\n",
    "from pathlib import Path\n",
    "import sys\n",
    "from argparse import ArgumentParser\n",
    "from datetime import datetime\n",
    "import torch\n",
    "import torch.multiprocessing as mp\n",
    "import yaml\n",
    "import numpy as np\n",
    "from munch import munchify\n",
    "import wandb\n",
    "\n",
    "\n",
    "import sys\n",
    "sys.path.append(\"D:/gs-localization/gaussian_splatting\")\n",
    "sys.path.append(\"D:/gs-localization\")\n",
    "from tools.gaussian_model import GaussianModel\n",
    "from gaussian_splatting.utils.system_utils import mkdir_p\n",
    "from tools.config_utils import load_config, update_recursive\n",
    "from tools.multiprocessing_utils import FakeQueue\n",
    "from tools import read_write_model\n",
    "from tools.eval_utils import rotation_error, translation_error\n",
    "\n",
    "with open(\"configs/mono/tum/fr3_office.yaml\", \"r\") as f:\n",
    "    cfg_special = yaml.full_load(f)\n",
    "\n",
    "inherit_from = \"configs/mono/tum/base_config.yaml\"\n",
    "\n",
    "if inherit_from is not None:\n",
    "    cfg = load_config(inherit_from)\n",
    "else:\n",
    "    cfg = dict()\n",
    "\n",
    "# merge per dataset cfg. and main cfg.\n",
    "config = update_recursive(cfg, cfg_special)\n",
    "config = cfg\n",
    "    \n",
    "data_folder = \"D:/gs-localization/datasets/7scenes\"\n",
    "config[\"Dataset\"][\"Calibration\"][\"fx\"] = 525\n",
    "config[\"Dataset\"][\"Calibration\"][\"fy\"] = 525\n",
    "config[\"Dataset\"][\"Calibration\"][\"cx\"] = 320\n",
    "config[\"Dataset\"][\"Calibration\"][\"cy\"] = 240\n",
    "config[\"Dataset\"][\"Calibration\"][\"width\"] = 640\n",
    "config[\"Dataset\"][\"Calibration\"][\"height\"] = 480\n",
    "\n",
    "scene = 'redkitchen'\n",
    "Model = GaussianModel(3, config)\n",
    "#Model.load_ply(\"C:/Users/27118/Desktop/master_project/RaDe-GS/output/26b22380-1/point_cloud/iteration_30000/point_cloud.ply\")\n",
    "#Model.load_ply(\"D:/gaussian-splatting/output/73bdba8c-0/point_cloud/iteration_25000/point_cloud.ply\")\n",
    "Model.load_ply(f\"D:/gs-localization/output/7scenes/{scene}/gs_map/iteration_10000/point_cloud.ply\")\n"
   ]
  },
  {
   "cell_type": "code",
   "execution_count": 78,
   "id": "f706c7ea-753d-4b7f-9466-ba69efeba56a",
   "metadata": {},
   "outputs": [],
   "source": [
    "import cv2\n",
    "import numpy as np\n",
    "import torch\n",
    "from PIL import Image\n",
    "from pathlib import Path\n",
    "from tools import read_write_model\n",
    "from math import atan\n",
    "\n",
    "def focal2fov(focal, pixels):\n",
    "    return 2 * atan(pixels / (2 * focal))\n",
    "\n",
    "def load_pose(pose_txt):\n",
    "    pose = []\n",
    "    with open(pose_txt, 'r') as f:\n",
    "        for line in f:\n",
    "            row = line.strip('\\n').split()\n",
    "            row = [float(c) for c in row]\n",
    "            pose.append(row)\n",
    "    pose = np.array(pose).astype(np.float32)\n",
    "    assert pose.shape == (4,4)\n",
    "    return pose\n",
    "\n",
    "class BaseDataset(torch.utils.data.Dataset):\n",
    "    def __init__(self, args, path, config):\n",
    "        self.args = args\n",
    "        self.path = path\n",
    "        self.config = config\n",
    "        self.device = \"cuda:0\"\n",
    "        self.dtype = torch.float32\n",
    "        self.num_imgs = 9999\n",
    "\n",
    "    def __len__(self):\n",
    "        return self.num_imgs\n",
    "\n",
    "    def __getitem__(self, idx):\n",
    "        pass\n",
    "\n",
    "class MonocularDataset(BaseDataset):\n",
    "    def __init__(self, args, path, config):\n",
    "        super().__init__(args, path, config)\n",
    "        calibration = config[\"Dataset\"][\"Calibration\"]\n",
    "        # Camera prameters\n",
    "        self.fx = calibration[\"fx\"]\n",
    "        self.fy = calibration[\"fy\"]\n",
    "        self.cx = calibration[\"cx\"]\n",
    "        self.cy = calibration[\"cy\"]\n",
    "        self.width = calibration[\"width\"]\n",
    "        self.height = calibration[\"height\"]\n",
    "        self.fovx = focal2fov(self.fx, self.width)\n",
    "        self.fovy = focal2fov(self.fy, self.height)\n",
    "        self.K = np.array(\n",
    "            [[self.fx, 0.0, self.cx], [0.0, self.fy, self.cy], [0.0, 0.0, 1.0]]\n",
    "        )\n",
    "        # distortion parameters\n",
    "        self.disorted = calibration[\"distorted\"]\n",
    "        self.dist_coeffs = np.array(\n",
    "            [\n",
    "                calibration[\"k1\"],\n",
    "                calibration[\"k2\"],\n",
    "                calibration[\"p1\"],\n",
    "                calibration[\"p2\"],\n",
    "                calibration[\"k3\"],\n",
    "            ]\n",
    "        )\n",
    "        self.map1x, self.map1y = cv2.initUndistortRectifyMap(\n",
    "            self.K,\n",
    "            self.dist_coeffs,\n",
    "            np.eye(3),\n",
    "            self.K,\n",
    "            (self.width, self.height),\n",
    "            cv2.CV_32FC1,\n",
    "        )\n",
    "        # depth parameters\n",
    "        self.has_depth = True if \"depth_scale\" in calibration.keys() else False\n",
    "        self.depth_scale = calibration[\"depth_scale\"] if self.has_depth else None\n",
    "\n",
    "        # Default scene scale\n",
    "        nerf_normalization_radius = 5\n",
    "        self.scene_info = {\n",
    "            \"nerf_normalization\": {\n",
    "                \"radius\": nerf_normalization_radius,\n",
    "                \"translation\": np.zeros(3),\n",
    "            },\n",
    "        }\n",
    "\n",
    "    def __getitem__(self, idx):\n",
    "        color_path = self.color_paths[idx]\n",
    "        pose = self.poses[idx]\n",
    "\n",
    "        image = np.array(Image.open(color_path))\n",
    "        depth = None\n",
    "\n",
    "        if self.disorted:\n",
    "            image = cv2.remap(image, self.map1x, self.map1y, cv2.INTER_LINEAR)\n",
    "\n",
    "        if self.has_depth:\n",
    "            depth_path = self.depth_paths[idx]\n",
    "            depth = np.array(Image.open(depth_path)) / self.depth_scale\n",
    "\n",
    "        image = (\n",
    "            torch.from_numpy(image / 255.0)\n",
    "            .clamp(0.0, 1.0)\n",
    "            .permute(2, 0, 1)\n",
    "            .to(device=self.device, dtype=self.dtype)\n",
    "        )\n",
    "        pose = torch.from_numpy(pose).to(device=self.device)\n",
    "        return image, depth, pose\n",
    "\n",
    "\n",
    "class seven_scenes_Dataset(MonocularDataset):\n",
    "    def __init__(self, args, path, config, data_folder, scene):\n",
    "        super().__init__(args, path, config)\n",
    "        self.has_depth = False\n",
    "        self.seven_scenes_Parser(data_folder, scene) \n",
    "        \n",
    "    def seven_scenes_Parser(self, data_folder, scene):\n",
    "        self.color_paths, self.poses, self.depth_paths = [], [], []\n",
    "\n",
    "        gt_dirs = Path(data_folder) / scene / \"sparse/0\"\n",
    "        _, images, _ = read_write_model.read_model(gt_dirs, \".txt\")\n",
    "\n",
    "        # Read the filenames from test_fewshot.txt and store them in a set.\n",
    "        test_images_path = Path(data_folder) / scene / \"test_fewshot.txt\"\n",
    "        with open(test_images_path, 'r') as f:\n",
    "            test_images = set(line.strip() for line in f)\n",
    "            \n",
    "        for i, image in images.items():\n",
    "            # Execute the following operation only if image.name exists in test_images.\"\n",
    "            if image.name in test_images:\n",
    "                image_path = Path(data_folder) / scene / 'images' / image.name\n",
    "                self.color_paths.append(image_path)\n",
    "                R_gt, t_gt = image.qvec2rotmat(), image.tvec\n",
    "                pose = np.eye(4)            \n",
    "                pose[:3, :3] = R_gt         \n",
    "                pose[:3, 3] = t_gt \n",
    "                \n",
    "                self.poses.append(pose)\n",
    "\n",
    "        \"\"\"\n",
    "        # Sort self.color_paths, self.poses, and self.depth_paths based on normal file name order\n",
    "        sorted_data = sorted(zip(self.color_paths, self.poses, self.depth_paths), key=lambda x: x[0].name)\n",
    "        self.color_paths, self.poses, self.depth_paths = zip(*sorted_data)\n",
    "        \"\"\"\n",
    "\n",
    "        # Sort self.color_paths, self.poses, and self.depth_paths based on normal file name order\n",
    "        sorted_data = sorted(zip(self.color_paths, self.poses), key=lambda x: x[0].name)\n",
    "        self.color_paths, self.poses = zip(*sorted_data)\n",
    "        print(self.color_paths)"
   ]
  },
  {
   "cell_type": "code",
   "execution_count": 79,
   "id": "4aef6560-8072-49d4-8960-7550fdc5c786",
   "metadata": {
    "scrolled": true
   },
   "outputs": [
    {
     "name": "stdout",
     "output_type": "stream",
     "text": [
      "[(WindowsPath('D:/gs-localization/datasets/7scenes/redkitchen/images/seq-02-frame-000000-color.png'), array([[ 0.98133295,  0.03687519, -0.18874812,  0.0108545 ],\n",
      "       [-0.04532998,  0.9981437 , -0.04067364,  0.22126   ],\n",
      "       [ 0.1868979 ,  0.04847033,  0.98118286,  0.0610522 ],\n",
      "       [ 0.        ,  0.        ,  0.        ,  1.        ]])), (WindowsPath('D:/gs-localization/datasets/7scenes/redkitchen/images/seq-02-frame-000001-color.png'), array([[ 0.97898348,  0.04099214, -0.19977738,  0.0200212 ],\n",
      "       [-0.05072466,  0.9977499 , -0.04384233,  0.220726  ],\n",
      "       [ 0.19753067,  0.05305455,  0.97885997,  0.0617213 ],\n",
      "       [ 0.        ,  0.        ,  0.        ,  1.        ]])), (WindowsPath('D:/gs-localization/datasets/7scenes/redkitchen/images/seq-02-frame-000002-color.png'), array([[ 0.97916217,  0.04158017, -0.19877759,  0.0206381 ],\n",
      "       [-0.05174469,  0.99759044, -0.0462148 ,  0.2198    ],\n",
      "       [ 0.19637701,  0.05553747,  0.97895437,  0.0614103 ],\n",
      "       [ 0.        ,  0.        ,  0.        ,  1.        ]])), (WindowsPath('D:/gs-localization/datasets/7scenes/redkitchen/images/seq-02-frame-000003-color.png'), array([[ 0.97940438,  0.04204678, -0.19748199,  0.0206937 ],\n",
      "       [-0.05214033,  0.99757096, -0.04619062,  0.217238  ],\n",
      "       [ 0.19506013,  0.05553608,  0.97921769,  0.0614934 ],\n",
      "       [ 0.        ,  0.        ,  0.        ,  1.        ]])), (WindowsPath('D:/gs-localization/datasets/7scenes/redkitchen/images/seq-02-frame-000004-color.png'), array([[ 0.97916618,  0.04324205, -0.1984029 ,  0.0244084 ],\n",
      "       [-0.05333399,  0.99752565, -0.04580468,  0.218082  ],\n",
      "       [ 0.1959313 ,  0.05543201,  0.97904965,  0.0607971 ],\n",
      "       [ 0.        ,  0.        ,  0.        ,  1.        ]])), (WindowsPath('D:/gs-localization/datasets/7scenes/redkitchen/images/seq-02-frame-000005-color.png'), array([[ 0.97828578,  0.04306556, -0.20273698,  0.0232731 ],\n",
      "       [-0.05373383,  0.99742908, -0.04741218,  0.221033  ],\n",
      "       [ 0.20017392,  0.05727649,  0.97808476,  0.0610773 ],\n",
      "       [ 0.        ,  0.        ,  0.        ,  1.        ]])), (WindowsPath('D:/gs-localization/datasets/7scenes/redkitchen/images/seq-02-frame-000006-color.png'), array([[ 0.97716979,  0.04344387, -0.20797073,  0.0249807 ],\n",
      "       [-0.05412821,  0.99747574, -0.04595958,  0.218144  ],\n",
      "       [ 0.2054491 ,  0.05616739,  0.9770547 ,  0.0610803 ],\n",
      "       [ 0.        ,  0.        ,  0.        ,  1.        ]])), (WindowsPath('D:/gs-localization/datasets/7scenes/redkitchen/images/seq-02-frame-000007-color.png'), array([[ 0.97674606,  0.04577071, -0.20945687,  0.0306744 ],\n",
      "       [-0.05648231,  0.99736883, -0.0454442 ,  0.218644  ],\n",
      "       [ 0.20682574,  0.05621805,  0.9767613 ,  0.0615057 ],\n",
      "       [ 0.        ,  0.        ,  0.        ,  1.        ]])), (WindowsPath('D:/gs-localization/datasets/7scenes/redkitchen/images/seq-02-frame-000008-color.png'), array([[ 0.97660766,  0.04543611, -0.21017385,  0.0290518 ],\n",
      "       [-0.05640215,  0.99732579, -0.04647657,  0.220867  ],\n",
      "       [ 0.20750008,  0.05724363,  0.97655869,  0.0616799 ],\n",
      "       [ 0.        ,  0.        ,  0.        ,  1.        ]])), (WindowsPath('D:/gs-localization/datasets/7scenes/redkitchen/images/seq-02-frame-000009-color.png'), array([[ 0.97631824,  0.04540193, -0.21152153,  0.0272823 ],\n",
      "       [-0.05601053,  0.99744103, -0.0444321 ,  0.218834  ],\n",
      "       [ 0.20896295,  0.0552273 ,  0.97636286,  0.0612472 ],\n",
      "       [ 0.        ,  0.        ,  0.        ,  1.        ]])), (WindowsPath('D:/gs-localization/datasets/7scenes/redkitchen/images/seq-02-frame-000010-color.png'), array([[ 0.97564293,  0.04610051, -0.21446589,  0.0276093 ],\n",
      "       [-0.05678908,  0.99741866, -0.04394337,  0.220069  ],\n",
      "       [ 0.21188647,  0.05505236,  0.97574247,  0.0617868 ],\n",
      "       [ 0.        ,  0.        ,  0.        ,  1.        ]])), (WindowsPath('D:/gs-localization/datasets/7scenes/redkitchen/images/seq-02-frame-000011-color.png'), array([[ 0.97490227,  0.04727775, -0.21755545,  0.0300971 ],\n",
      "       [-0.0580907 ,  0.99735989, -0.04357426,  0.221367  ],\n",
      "       [ 0.21492099,  0.0551186 ,  0.97507482,  0.0619145 ],\n",
      "       [ 0.        ,  0.        ,  0.        ,  1.        ]])), (WindowsPath('D:/gs-localization/datasets/7scenes/redkitchen/images/seq-02-frame-000012-color.png'), array([[ 0.9746138 ,  0.04818858, -0.21864539,  0.0294801 ],\n",
      "       [-0.05881186,  0.99737088, -0.04233781,  0.223398  ],\n",
      "       [ 0.21603035,  0.05412196,  0.97488548,  0.0623021 ],\n",
      "       [ 0.        ,  0.        ,  0.        ,  1.        ]])), (WindowsPath('D:/gs-localization/datasets/7scenes/redkitchen/images/seq-02-frame-000013-color.png'), array([[ 0.97443929,  0.0478934 , -0.21948643,  0.0277788 ],\n",
      "       [-0.05824161,  0.99746359, -0.04091819,  0.223019  ],\n",
      "       [ 0.21697001,  0.05265553,  0.9747571 ,  0.0618959 ],\n",
      "       [ 0.        ,  0.        ,  0.        ,  1.        ]])), (WindowsPath('D:/gs-localization/datasets/7scenes/redkitchen/images/seq-02-frame-000014-color.png'), array([[ 0.97351703,  0.04918308, -0.22326132,  0.0294462 ],\n",
      "       [-0.0594306 ,  0.99745417, -0.03941043,  0.222503  ],\n",
      "       [ 0.22075461,  0.05163528,  0.9739616 ,  0.0620411 ],\n",
      "       [ 0.        ,  0.        ,  0.        ,  1.        ]])), (WindowsPath('D:/gs-localization/datasets/7scenes/redkitchen/images/seq-02-frame-000015-color.png'), array([[ 0.9724077 ,  0.05236404, -0.22733517,  0.0333091 ],\n",
      "       [-0.0625159 ,  0.99733233, -0.03768265,  0.223117  ],\n",
      "       [ 0.2247555 ,  0.05085496,  0.97308722,  0.0616929 ],\n",
      "       [ 0.        ,  0.        ,  0.        ,  1.        ]])), (WindowsPath('D:/gs-localization/datasets/7scenes/redkitchen/images/seq-02-frame-000016-color.png'), array([[ 0.97209615,  0.05389672, -0.2283073 ,  0.0311703 ],\n",
      "       [-0.06387795,  0.99728812, -0.03655139,  0.223176  ],\n",
      "       [ 0.22571816,  0.05011526,  0.97290276,  0.0617637 ],\n",
      "       [ 0.        ,  0.        ,  0.        ,  1.        ]])), (WindowsPath('D:/gs-localization/datasets/7scenes/redkitchen/images/seq-02-frame-000017-color.png'), array([[ 0.97128654,  0.05467902, -0.23154407,  0.0340952 ],\n",
      "       [-0.06450372,  0.99730105, -0.0350696 ,  0.221883  ],\n",
      "       [ 0.22900157,  0.04899809,  0.97219209,  0.0608392 ],\n",
      "       [ 0.        ,  0.        ,  0.        ,  1.        ]])), (WindowsPath('D:/gs-localization/datasets/7scenes/redkitchen/images/seq-02-frame-000018-color.png'), array([[ 0.9704118 ,  0.05780653, -0.2344341 ,  0.0348327 ],\n",
      "       [-0.06828477,  0.99698617, -0.03682075,  0.225661  ],\n",
      "       [ 0.23159908,  0.05173957,  0.97143445,  0.0631471 ],\n",
      "       [ 0.        ,  0.        ,  0.        ,  1.        ]])), (WindowsPath('D:/gs-localization/datasets/7scenes/redkitchen/images/seq-02-frame-000019-color.png'), array([[ 0.96952198,  0.06125293, -0.23722397,  0.0385088 ],\n",
      "       [-0.07138834,  0.99685644, -0.03436495,  0.225364  ],\n",
      "       [ 0.23437329,  0.0502526 ,  0.97084697,  0.0598188 ],\n",
      "       [ 0.        ,  0.        ,  0.        ,  1.        ]])), (WindowsPath('D:/gs-localization/datasets/7scenes/redkitchen/images/seq-02-frame-000020-color.png'), array([[ 0.96894443,  0.06287136, -0.23915244,  0.0393713 ],\n",
      "       [-0.07269362,  0.99682577, -0.03246583,  0.22188   ],\n",
      "       [ 0.23635215,  0.04884244,  0.97043912,  0.0581515 ],\n",
      "       [ 0.        ,  0.        ,  0.        ,  1.        ]])), (WindowsPath('D:/gs-localization/datasets/7scenes/redkitchen/images/seq-02-frame-000021-color.png'), array([[ 0.96827321,  0.06424108, -0.24149549,  0.0432398 ],\n",
      "       [-0.0746062 ,  0.99663279, -0.03401479,  0.222502  ],\n",
      "       [ 0.23849718,  0.05095267,  0.96980561,  0.0563132 ],\n",
      "       [ 0.        ,  0.        ,  0.        ,  1.        ]])), (WindowsPath('D:/gs-localization/datasets/7scenes/redkitchen/images/seq-02-frame-000022-color.png'), array([[ 0.96749349,  0.06471687, -0.24447508,  0.0442567 ],\n",
      "       [-0.07546151,  0.99654016, -0.034832  ,  0.223283  ],\n",
      "       [ 0.24137502,  0.0521482 ,  0.96902975,  0.0555976 ],\n",
      "       [ 0.        ,  0.        ,  0.        ,  1.        ]])), (WindowsPath('D:/gs-localization/datasets/7scenes/redkitchen/images/seq-02-frame-000023-color.png'), array([[ 0.96643875,  0.0641979 , -0.24874641,  0.0456492 ],\n",
      "       [-0.07517205,  0.99656095, -0.03486307,  0.224735  ],\n",
      "       [ 0.24565283,  0.0523918 ,  0.967941  ,  0.0523911 ],\n",
      "       [ 0.        ,  0.        ,  0.        ,  1.        ]])), (WindowsPath('D:/gs-localization/datasets/7scenes/redkitchen/images/seq-02-frame-000024-color.png'), array([[ 0.96466294,  0.06530711, -0.25526534,  0.0496162 ],\n",
      "       [-0.07708283,  0.99636032, -0.03639169,  0.22383   ],\n",
      "       [ 0.25195962,  0.05478229,  0.96618593,  0.0513539 ],\n",
      "       [ 0.        ,  0.        ,  0.        ,  1.        ]])), (WindowsPath('D:/gs-localization/datasets/7scenes/redkitchen/images/seq-02-frame-000025-color.png'), array([[ 0.96323967,  0.0672237 , -0.26009675,  0.0557619 ],\n",
      "       [-0.08016746,  0.9959997 , -0.03946874,  0.223104  ],\n",
      "       [ 0.25640305,  0.05886915,  0.96477557,  0.0507157 ],\n",
      "       [ 0.        ,  0.        ,  0.        ,  1.        ]])), (WindowsPath('D:/gs-localization/datasets/7scenes/redkitchen/images/seq-02-frame-000026-color.png'), array([[ 0.9616551 ,  0.06897005, -0.26544793,  0.0596443 ],\n",
      "       [-0.08338189,  0.99557223, -0.04339816,  0.227041  ],\n",
      "       [ 0.26127941,  0.06386761,  0.96314796,  0.04953   ],\n",
      "       [ 0.        ,  0.        ,  0.        ,  1.        ]])), (WindowsPath('D:/gs-localization/datasets/7scenes/redkitchen/images/seq-02-frame-000027-color.png'), array([[ 0.9598684 ,  0.0706137 , -0.27141549,  0.0626944 ],\n",
      "       [-0.085563  ,  0.99537699, -0.04363041,  0.226038  ],\n",
      "       [ 0.26707983,  0.06510258,  0.96147284,  0.0486823 ],\n",
      "       [ 0.        ,  0.        ,  0.        ,  1.        ]])), (WindowsPath('D:/gs-localization/datasets/7scenes/redkitchen/images/seq-02-frame-000028-color.png'), array([[ 0.95648502,  0.07440054, -0.28213642,  0.0677226 ],\n",
      "       [-0.09108064,  0.9947594 , -0.04645494,  0.229124  ],\n",
      "       [ 0.27720159,  0.07013062,  0.95824891,  0.0458864 ],\n",
      "       [ 0.        ,  0.        ,  0.        ,  1.        ]])), (WindowsPath('D:/gs-localization/datasets/7scenes/redkitchen/images/seq-02-frame-000029-color.png'), array([[ 0.95277731,  0.08067976, -0.29275618,  0.0738258 ],\n",
      "       [-0.09874958,  0.99398023, -0.0474534 ,  0.229748  ],\n",
      "       [ 0.28716533,  0.07412207,  0.9550089 ,  0.043209  ],\n",
      "       [ 0.        ,  0.        ,  0.        ,  1.        ]])), (WindowsPath('D:/gs-localization/datasets/7scenes/redkitchen/images/seq-02-frame-000030-color.png'), array([[ 0.94930076,  0.08792591, -0.30182296,  0.0812567 ],\n",
      "       [-0.10705012,  0.9931239 , -0.04738354,  0.226577  ],\n",
      "       [ 0.29558136,  0.07729141,  0.95218575,  0.0438213 ],\n",
      "       [ 0.        ,  0.        ,  0.        ,  1.        ]])), (WindowsPath('D:/gs-localization/datasets/7scenes/redkitchen/images/seq-02-frame-000031-color.png'), array([[ 0.94390224,  0.09758002, -0.31547851,  0.0878796 ],\n",
      "       [-0.11951302,  0.99152743, -0.05089202,  0.224839  ],\n",
      "       [ 0.30783955,  0.08574088,  0.94756705,  0.0372073 ],\n",
      "       [ 0.        ,  0.        ,  0.        ,  1.        ]])), (WindowsPath('D:/gs-localization/datasets/7scenes/redkitchen/images/seq-02-frame-000032-color.png'), array([[ 0.9418361 ,  0.10150686, -0.32037654,  0.0931787 ],\n",
      "       [-0.12585727,  0.99045633, -0.05618017,  0.231188  ],\n",
      "       [ 0.3116163 ,  0.09323422,  0.9456229 ,  0.0351547 ],\n",
      "       [ 0.        ,  0.        ,  0.        ,  1.        ]])), (WindowsPath('D:/gs-localization/datasets/7scenes/redkitchen/images/seq-02-frame-000033-color.png'), array([[ 0.94075125,  0.10423144, -0.32268079,  0.0920427 ],\n",
      "       [-0.12863734,  0.99015448, -0.05519546,  0.235407  ],\n",
      "       [ 0.31375073,  0.09343399,  0.94489712,  0.0334152 ],\n",
      "       [ 0.        ,  0.        ,  0.        ,  1.        ]])), (WindowsPath('D:/gs-localization/datasets/7scenes/redkitchen/images/seq-02-frame-000034-color.png'), array([[ 0.93905389,  0.11034326, -0.32557972,  0.0925805 ],\n",
      "       [-0.13325816,  0.98987584, -0.0488681 ,  0.229886  ],\n",
      "       [ 0.31689123,  0.08927593,  0.9442509 ,  0.0263498 ],\n",
      "       [ 0.        ,  0.        ,  0.        ,  1.        ]])), (WindowsPath('D:/gs-localization/datasets/7scenes/redkitchen/images/seq-02-frame-000035-color.png'), array([[ 0.9362661 ,  0.11297232, -0.3326305 ,  0.093974  ],\n",
      "       [-0.13729248,  0.98924436, -0.05046157,  0.230537  ],\n",
      "       [ 0.32335208,  0.09291313,  0.94170621,  0.0225524 ],\n",
      "       [ 0.        ,  0.        ,  0.        ,  1.        ]])), (WindowsPath('D:/gs-localization/datasets/7scenes/redkitchen/images/seq-02-frame-000036-color.png'), array([[ 0.93385314,  0.11337092, -0.33921284,  0.0959385 ],\n",
      "       [-0.13867251,  0.98901287, -0.05121992,  0.234844  ],\n",
      "       [ 0.32967902,  0.09487138,  0.9393142 ,  0.020744  ],\n",
      "       [ 0.        ,  0.        ,  0.        ,  1.        ]])), (WindowsPath('D:/gs-localization/datasets/7scenes/redkitchen/images/seq-02-frame-000037-color.png'), array([[ 0.93249134,  0.11792872, -0.34139819,  0.0971778 ],\n",
      "       [-0.14220203,  0.98872715, -0.0468744 ,  0.235489  ],\n",
      "       [ 0.33202182,  0.09225749,  0.9387492 ,  0.0185677 ],\n",
      "       [ 0.        ,  0.        ,  0.        ,  1.        ]])), (WindowsPath('D:/gs-localization/datasets/7scenes/redkitchen/images/seq-02-frame-000038-color.png'), array([[ 0.93174056,  0.12205248, -0.34199814,  0.094772  ],\n",
      "       [-0.14531271,  0.9884451 , -0.04313348,  0.234551  ],\n",
      "       [ 0.33278184,  0.08988589,  0.93871016,  0.0142273 ],\n",
      "       [ 0.        ,  0.        ,  0.        ,  1.        ]])), (WindowsPath('D:/gs-localization/datasets/7scenes/redkitchen/images/seq-02-frame-000039-color.png'), array([[ 0.93026429,  0.12492987, -0.34496503,  0.0924842 ],\n",
      "       [-0.14756808,  0.98824061, -0.04005203,  0.233017  ],\n",
      "       [ 0.33590475,  0.08816481,  0.93776061,  0.00986899],\n",
      "       [ 0.        ,  0.        ,  0.        ,  1.        ]])), (WindowsPath('D:/gs-localization/datasets/7scenes/redkitchen/images/seq-02-frame-000040-color.png'), array([[ 0.92491585,  0.12863079, -0.35774961,  0.0909338 ],\n",
      "       [-0.15111171,  0.98787967, -0.03548257,  0.234629  ],\n",
      "       [ 0.34884942,  0.08687855,  0.93314318,  0.00360035],\n",
      "       [ 0.        ,  0.        ,  0.        ,  1.        ]])), (WindowsPath('D:/gs-localization/datasets/7scenes/redkitchen/images/seq-02-frame-000041-color.png'), array([[ 9.22233129e-01,  1.30377730e-01, -3.63988604e-01,\n",
      "         9.01352000e-02],\n",
      "       [-1.52854519e-01,  9.87680523e-01, -3.35064258e-02,\n",
      "         2.33054000e-01],\n",
      "       [ 3.55135963e-01,  8.65380389e-02,  9.30800524e-01,\n",
      "        -7.05710000e-04],\n",
      "       [ 0.00000000e+00,  0.00000000e+00,  0.00000000e+00,\n",
      "         1.00000000e+00]])), (WindowsPath('D:/gs-localization/datasets/7scenes/redkitchen/images/seq-02-frame-000042-color.png'), array([[ 0.91989712,  0.13340869, -0.36877014,  0.0894501 ],\n",
      "       [-0.15672315,  0.98706198, -0.03385992,  0.231253  ],\n",
      "       [ 0.35948178,  0.08894247,  0.9289037 , -0.00597807],\n",
      "       [ 0.        ,  0.        ,  0.        ,  1.        ]])), (WindowsPath('D:/gs-localization/datasets/7scenes/redkitchen/images/seq-02-frame-000043-color.png'), array([[ 0.91792567,  0.13564371, -0.3728448 ,  0.0884805 ],\n",
      "       [-0.16093767,  0.98625518, -0.03741371,  0.233862  ],\n",
      "       [ 0.36264518,  0.09434778,  0.92713913, -0.00909784],\n",
      "       [ 0.        ,  0.        ,  0.        ,  1.        ]])), (WindowsPath('D:/gs-localization/datasets/7scenes/redkitchen/images/seq-02-frame-000044-color.png'), array([[ 0.91604288,  0.13764777, -0.37672076,  0.0847079 ],\n",
      "       [-0.16408538,  0.98568115, -0.03884158,  0.236248  ],\n",
      "       [ 0.3659801 ,  0.09739492,  0.92551218, -0.0140573 ],\n",
      "       [ 0.        ,  0.        ,  0.        ,  1.        ]])), (WindowsPath('D:/gs-localization/datasets/7scenes/redkitchen/images/seq-02-frame-000045-color.png'), array([[ 0.91355108,  0.14014851, -0.38181518,  0.0800198 ],\n",
      "       [-0.16800084,  0.9849574 , -0.04043066,  0.238711  ],\n",
      "       [ 0.37040539,  0.10108074,  0.92335396, -0.0176332 ],\n",
      "       [ 0.        ,  0.        ,  0.        ,  1.        ]])), (WindowsPath('D:/gs-localization/datasets/7scenes/redkitchen/images/seq-02-frame-000046-color.png'), array([[ 0.90911103,  0.14273774, -0.39133499,  0.0760876 ],\n",
      "       [-0.17270716,  0.98406524, -0.04228278,  0.24298   ],\n",
      "       [ 0.37906382,  0.10602609,  0.9192764 , -0.0216677 ],\n",
      "       [ 0.        ,  0.        ,  0.        ,  1.        ]])), (WindowsPath('D:/gs-localization/datasets/7scenes/redkitchen/images/seq-02-frame-000047-color.png'), array([[ 0.90375601,  0.14259364, -0.40359898,  0.0729674 ],\n",
      "       [-0.17456703,  0.98369035, -0.04335497,  0.24651   ],\n",
      "       [ 0.39083428,  0.10963739,  0.91390821, -0.0252179 ],\n",
      "       [ 0.        ,  0.        ,  0.        ,  1.        ]])), (WindowsPath('D:/gs-localization/datasets/7scenes/redkitchen/images/seq-02-frame-000048-color.png'), array([[ 0.90018797,  0.14066719, -0.41215818,  0.0655933 ],\n",
      "       [-0.17344073,  0.98390478, -0.04300808,  0.243693  ],\n",
      "       [ 0.39947458,  0.11020037,  0.91009667, -0.0274921 ],\n",
      "       [ 0.        ,  0.        ,  0.        ,  1.        ]])), (WindowsPath('D:/gs-localization/datasets/7scenes/redkitchen/images/seq-02-frame-000049-color.png'), array([[ 0.89791216,  0.13828304, -0.4178894 ,  0.058401  ],\n",
      "       [-0.17243512,  0.9839972 , -0.04489578,  0.246786  ],\n",
      "       [ 0.40499367,  0.11237128,  0.90738791, -0.0326559 ],\n",
      "       [ 0.        ,  0.        ,  0.        ,  1.        ]])), (WindowsPath('D:/gs-localization/datasets/7scenes/redkitchen/images/seq-02-frame-000050-color.png'), array([[ 0.89348054,  0.1262032 , -0.43100497,  0.0468231 ],\n",
      "       [-0.16513556,  0.98479312, -0.05397005,  0.251054  ],\n",
      "       [ 0.41763953,  0.11939544,  0.90073412, -0.0435294 ],\n",
      "       [ 0.        ,  0.        ,  0.        ,  1.        ]])), (WindowsPath('D:/gs-localization/datasets/7scenes/redkitchen/images/seq-02-frame-000051-color.png'), array([[ 0.89026474,  0.12117548, -0.43902757,  0.044327  ],\n",
      "       [-0.16354145,  0.98471996, -0.05983968,  0.256564  ],\n",
      "       [ 0.42506811,  0.12507236,  0.89647867, -0.0464331 ],\n",
      "       [ 0.        ,  0.        ,  0.        ,  1.        ]])), (WindowsPath('D:/gs-localization/datasets/7scenes/redkitchen/images/seq-02-frame-000052-color.png'), array([[ 0.88864815,  0.11747045, -0.44328903,  0.0381129 ],\n",
      "       [-0.16130802,  0.98493164, -0.06236498,  0.258342  ],\n",
      "       [ 0.42928335,  0.1269266 ,  0.8942066 , -0.0518112 ],\n",
      "       [ 0.        ,  0.        ,  0.        ,  1.        ]])), (WindowsPath('D:/gs-localization/datasets/7scenes/redkitchen/images/seq-02-frame-000053-color.png'), array([[ 0.88871483,  0.1157926 , -0.4435967 ,  0.0319647 ],\n",
      "       [-0.16004851,  0.98506371, -0.06351354,  0.25834   ],\n",
      "       [ 0.42961661,  0.12744242,  0.89397315, -0.0579187 ],\n",
      "       [ 0.        ,  0.        ,  0.        ,  1.        ]])), (WindowsPath('D:/gs-localization/datasets/7scenes/redkitchen/images/seq-02-frame-000054-color.png'), array([[ 0.88956399,  0.11476399, -0.44215962,  0.0270862 ],\n",
      "       [-0.16036964,  0.9847778 , -0.0670392 ,  0.264314  ],\n",
      "       [ 0.42773529,  0.13054463,  0.89442754, -0.0642596 ],\n",
      "       [ 0.        ,  0.        ,  0.        ,  1.        ]])), (WindowsPath('D:/gs-localization/datasets/7scenes/redkitchen/images/seq-02-frame-000055-color.png'), array([[ 0.89002733,  0.11274254, -0.44174706,  0.018467  ],\n",
      "       [-0.15909989,  0.98483403, -0.06920378,  0.268072  ],\n",
      "       [ 0.42724533,  0.13187517,  0.89446653, -0.0677796 ],\n",
      "       [ 0.        ,  0.        ,  0.        ,  1.        ]])), (WindowsPath('D:/gs-localization/datasets/7scenes/redkitchen/images/seq-02-frame-000056-color.png'), array([[ 0.89509996,  0.10178343, -0.43409238, -0.0266318 ],\n",
      "       [-0.15197369,  0.98494152, -0.08242696,  0.279974  ],\n",
      "       [ 0.41916591,  0.13975099,  0.89708952, -0.0555075 ],\n",
      "       [ 0.        ,  0.        ,  0.        ,  1.        ]])), (WindowsPath('D:/gs-localization/datasets/7scenes/redkitchen/images/seq-02-frame-000057-color.png'), array([[ 0.89282522,  0.10553751, -0.4378641 , -0.0437693 ],\n",
      "       [-0.15433975,  0.98498964, -0.07729583,  0.278115  ],\n",
      "       [ 0.42313399,  0.1365915 ,  0.89571222, -0.0655207 ],\n",
      "       [ 0.        ,  0.        ,  0.        ,  1.        ]])), (WindowsPath('D:/gs-localization/datasets/7scenes/redkitchen/images/seq-02-frame-000058-color.png'), array([[ 0.89088584,  0.10530711, -0.4418516 , -0.0487754 ],\n",
      "       [-0.15547006,  0.98469394, -0.07878393,  0.283236  ],\n",
      "       [ 0.42679209,  0.13888218,  0.89362199, -0.0695159 ],\n",
      "       [ 0.        ,  0.        ,  0.        ,  1.        ]])), (WindowsPath('D:/gs-localization/datasets/7scenes/redkitchen/images/seq-02-frame-000059-color.png'), array([[ 0.89054267,  0.1084674 , -0.44177889, -0.0625974 ],\n",
      "       [-0.15737163,  0.98465099, -0.07547582,  0.286186  ],\n",
      "       [ 0.42681135,  0.1367379 ,  0.89394341, -0.07296   ],\n",
      "       [ 0.        ,  0.        ,  0.        ,  1.        ]])), (WindowsPath('D:/gs-localization/datasets/7scenes/redkitchen/images/seq-02-frame-000060-color.png'), array([[ 0.88742959,  0.11385124, -0.44666164, -0.0648912 ],\n",
      "       [-0.16058176,  0.98467338, -0.06805759,  0.285619  ],\n",
      "       [ 0.43206739,  0.13212204,  0.89211072, -0.0797068 ],\n",
      "       [ 0.        ,  0.        ,  0.        ,  1.        ]])), (WindowsPath('D:/gs-localization/datasets/7scenes/redkitchen/images/seq-02-frame-000061-color.png'), array([[ 0.88457133,  0.11572724, -0.45181939, -0.0683514 ],\n",
      "       [-0.16181314,  0.98470609, -0.06457879,  0.284776  ],\n",
      "       [ 0.43743578,  0.13023485,  0.88976897, -0.0863432 ],\n",
      "       [ 0.        ,  0.        ,  0.        ,  1.        ]])), (WindowsPath('D:/gs-localization/datasets/7scenes/redkitchen/images/seq-02-frame-000062-color.png'), array([[ 0.88287306,  0.11693872, -0.45481919, -0.0770216 ],\n",
      "       [-0.16381069,  0.98435506, -0.06489355,  0.288974  ],\n",
      "       [ 0.440115  ,  0.13179701,  0.88821638, -0.090452  ],\n",
      "       [ 0.        ,  0.        ,  0.        ,  1.        ]])), (WindowsPath('D:/gs-localization/datasets/7scenes/redkitchen/images/seq-02-frame-000063-color.png'), array([[ 0.88144632,  0.12154452, -0.45637628, -0.0853896 ],\n",
      "       [-0.16702715,  0.98409388, -0.06050763,  0.292628  ],\n",
      "       [ 0.44176273,  0.12956146,  0.88772716, -0.0942039 ],\n",
      "       [ 0.        ,  0.        ,  0.        ,  1.        ]])), (WindowsPath('D:/gs-localization/datasets/7scenes/redkitchen/images/seq-02-frame-000064-color.png'), array([[ 0.8782138 ,  0.13619672, -0.4584659 , -0.0989397 ],\n",
      "       [-0.17725798,  0.98301646, -0.04752107,  0.288294  ],\n",
      "       [ 0.44420731,  0.1230004 ,  0.88744057, -0.10651   ],\n",
      "       [ 0.        ,  0.        ,  0.        ,  1.        ]])), (WindowsPath('D:/gs-localization/datasets/7scenes/redkitchen/images/seq-02-frame-000065-color.png'), array([[ 0.8767137 ,  0.14226956, -0.45949152, -0.105218  ],\n",
      "       [-0.18282314,  0.98212739, -0.04473798,  0.295991  ],\n",
      "       [ 0.44491435,  0.12322809,  0.88705471, -0.10939   ],\n",
      "       [ 0.        ,  0.        ,  0.        ,  1.        ]])), (WindowsPath('D:/gs-localization/datasets/7scenes/redkitchen/images/seq-02-frame-000066-color.png'), array([[ 0.87457609,  0.14785406, -0.46179632, -0.111291  ],\n",
      "       [-0.18576977,  0.98187931, -0.03745147,  0.299496  ],\n",
      "       [ 0.44789091,  0.11854195,  0.88619498, -0.116001  ],\n",
      "       [ 0.        ,  0.        ,  0.        ,  1.        ]])), (WindowsPath('D:/gs-localization/datasets/7scenes/redkitchen/images/seq-02-frame-000067-color.png'), array([[ 0.87285724,  0.15041706, -0.46421434, -0.117176  ],\n",
      "       [-0.18480021,  0.98234299, -0.02917415,  0.300724  ],\n",
      "       [ 0.45162941,  0.11125177,  0.88524229, -0.124577  ],\n",
      "       [ 0.        ,  0.        ,  0.        ,  1.        ]])), (WindowsPath('D:/gs-localization/datasets/7scenes/redkitchen/images/seq-02-frame-000068-color.png'), array([[ 0.8702368 ,  0.15649267, -0.46711664, -0.120025  ],\n",
      "       [-0.18738757,  0.98208065, -0.02008734,  0.298964  ],\n",
      "       [ 0.45560269,  0.1050126 ,  0.8839675 , -0.132261  ],\n",
      "       [ 0.        ,  0.        ,  0.        ,  1.        ]])), (WindowsPath('D:/gs-localization/datasets/7scenes/redkitchen/images/seq-02-frame-000069-color.png'), array([[ 0.86817762,  0.15995956, -0.4697665 , -0.125526  ],\n",
      "       [-0.18940163,  0.98177367, -0.01573159,  0.300165  ],\n",
      "       [ 0.45868797,  0.10263235,  0.88265053, -0.139334  ],\n",
      "       [ 0.        ,  0.        ,  0.        ,  1.        ]])), (WindowsPath('D:/gs-localization/datasets/7scenes/redkitchen/images/seq-02-frame-000070-color.png'), array([[ 0.86543566,  0.16597883, -0.47272841, -0.131588  ],\n",
      "       [-0.18981302,  0.98181635, -0.00277162,  0.298556  ],\n",
      "       [ 0.46367245,  0.09212866,  0.88120382, -0.157416  ],\n",
      "       [ 0.        ,  0.        ,  0.        ,  1.        ]])), (WindowsPath('D:/gs-localization/datasets/7scenes/redkitchen/images/seq-02-frame-000071-color.png'), array([[ 0.86478244,  0.1659675 , -0.47392628, -0.140423  ],\n",
      "       [-0.1909961 ,  0.98157921, -0.00476831,  0.299066  ],\n",
      "       [ 0.4644048 ,  0.09464163,  0.88055161, -0.163916  ],\n",
      "       [ 0.        ,  0.        ,  0.        ,  1.        ]])), (WindowsPath('D:/gs-localization/datasets/7scenes/redkitchen/images/seq-02-frame-000072-color.png'), array([[ 0.86434664,  0.16356577, -0.4755535 , -0.148546  ],\n",
      "       [-0.19006999,  0.98173959, -0.00779591,  0.304892  ],\n",
      "       [ 0.46559455,  0.09712682,  0.87965226, -0.170163  ],\n",
      "       [ 0.        ,  0.        ,  0.        ,  1.        ]])), (WindowsPath('D:/gs-localization/datasets/7scenes/redkitchen/images/seq-02-frame-000073-color.png'), array([[ 0.86313267,  0.16479506, -0.47733068, -0.153225  ],\n",
      "       [-0.19087832,  0.9815937 , -0.00626718,  0.308478  ],\n",
      "       [ 0.46751199,  0.09652149,  0.8787014 , -0.1783    ],\n",
      "       [ 0.        ,  0.        ,  0.        ,  1.        ]])), (WindowsPath('D:/gs-localization/datasets/7scenes/redkitchen/images/seq-02-frame-000074-color.png'), array([[ 0.86154593,  0.16643778, -0.47962181, -0.155463  ],\n",
      "       [-0.19151852,  0.981483  , -0.00343219,  0.3093    ],\n",
      "       [ 0.47016941,  0.09481345,  0.8774686 , -0.188746  ],\n",
      "       [ 0.        ,  0.        ,  0.        ,  1.        ]])), (WindowsPath('D:/gs-localization/datasets/7scenes/redkitchen/images/seq-02-frame-000075-color.png'), array([[ 0.85670258,  0.16651033, -0.48819565, -0.161772  ],\n",
      "       [-0.19304183,  0.98118195, -0.00410183,  0.318125  ],\n",
      "       [ 0.47832577,  0.09775623,  0.87272457, -0.207807  ],\n",
      "       [ 0.        ,  0.        ,  0.        ,  1.        ]])), (WindowsPath('D:/gs-localization/datasets/7scenes/redkitchen/images/seq-02-frame-000076-color.png'), array([[ 0.85323858,  0.16510967, -0.49469457, -0.164367  ],\n",
      "       [-0.1927476 ,  0.98123589, -0.00494881,  0.322075  ],\n",
      "       [ 0.48459497,  0.09957371,  0.86905281, -0.219005  ],\n",
      "       [ 0.        ,  0.        ,  0.        ,  1.        ]])), (WindowsPath('D:/gs-localization/datasets/7scenes/redkitchen/images/seq-02-frame-000077-color.png'), array([[ 0.85036724,  0.16602865, -0.49930957, -0.167588  ],\n",
      "       [-0.193975  ,  0.98099766, -0.00415827,  0.324298  ],\n",
      "       [ 0.48913113,  0.10038963,  0.86641368, -0.22967   ],\n",
      "       [ 0.        ,  0.        ,  0.        ,  1.        ]])), (WindowsPath('D:/gs-localization/datasets/7scenes/redkitchen/images/seq-02-frame-000078-color.png'), array([[ 0.84771807,  0.16815245, -0.50308929, -0.167797  ],\n",
      "       [-0.19766941,  0.98025366, -0.00543814,  0.331577  ],\n",
      "       [ 0.49224067,  0.10405538,  0.86421733, -0.241229  ],\n",
      "       [ 0.        ,  0.        ,  0.        ,  1.        ]])), (WindowsPath('D:/gs-localization/datasets/7scenes/redkitchen/images/seq-02-frame-000079-color.png'), array([[ 0.84506991,  0.17087214, -0.5066158 , -0.167974  ],\n",
