{
 "cells": [
  {
   "cell_type": "code",
   "execution_count": 31,
   "id": "78bf611f",
   "metadata": {},
   "outputs": [],
   "source": [
    "import sys\n",
    "import os\n",
    "import cv2\n",
    "import numpy as np\n",
    "import torch\n",
    "import matplotlib.pyplot as plt\n",
    "import matplotlib.cm as cm\n",
    "import matplotlib\n",
    "from kornia.feature import LoFTR\n",
    "\n",
    "# Initialize the LoFTR model\n",
    "loftr = LoFTR(pretrained='indoor').eval().cuda()\n",
    "\n",
    "# Ensure read_write_model.py is in your working directory or Python path\n",
    "#sys.path.append('path_to_your_script_directory')  # Update with your script directory\n",
    "import read_write_model"
   ]
  },
  {
   "cell_type": "code",
   "execution_count": 2,
   "id": "3dc5c749",
   "metadata": {},
   "outputs": [
    {
     "ename": "ModuleNotFoundError",
     "evalue": "No module named 'submodules.diff_gaussian_rasterization'",
     "output_type": "error",
     "traceback": [
      "\u001b[1;31m---------------------------------------------------------------------------\u001b[0m",
      "\u001b[1;31mModuleNotFoundError\u001b[0m                       Traceback (most recent call last)",
      "\u001b[1;32m~\\AppData\\Local\\Temp\\ipykernel_42240\\3727217726.py\u001b[0m in \u001b[0;36m<module>\u001b[1;34m\u001b[0m\n\u001b[1;32m----> 1\u001b[1;33m \u001b[1;32mfrom\u001b[0m \u001b[0msubmodules\u001b[0m\u001b[1;33m.\u001b[0m\u001b[0mdiff_gaussian_rasterization\u001b[0m \u001b[1;32mimport\u001b[0m \u001b[0mGaussianRasterizationSettings\u001b[0m\u001b[1;33m,\u001b[0m \u001b[0mGaussianRasterizer\u001b[0m\u001b[1;33m\u001b[0m\u001b[1;33m\u001b[0m\u001b[0m\n\u001b[0m",
      "\u001b[1;31mModuleNotFoundError\u001b[0m: No module named 'submodules.diff_gaussian_rasterization'"
     ]
    }
   ],
   "source": [
    "from diff_gaussian_rasterization import GaussianRasterizationSettings, GaussianRasterizer"
   ]
  },
  {
   "cell_type": "code",
   "execution_count": 32,
   "id": "bdf38fd4",
   "metadata": {},
   "outputs": [],
   "source": [
    "def make_matching_figure(\n",
    "        img0, img1, mkpts0, mkpts1, color,\n",
    "        kpts0=None, kpts1=None, text=[], dpi=75, path=None):\n",
    "    # draw image pair\n",
    "    assert mkpts0.shape[0] == mkpts1.shape[0], f'mkpts0: {mkpts0.shape[0]} v.s. mkpts1: {mkpts1.shape[0]}'\n",
    "    fig, axes = plt.subplots(1, 2, figsize=(10, 6), dpi=dpi)\n",
    "    axes[0].imshow(img0, cmap='gray')\n",
    "    axes[1].imshow(img1, cmap='gray')\n",
    "    for i in range(2):   # clear all frames\n",
    "        axes[i].get_yaxis().set_ticks([])\n",
    "        axes[i].get_xaxis().set_ticks([])\n",
    "        for spine in axes[i].spines.values():\n",
    "            spine.set_visible(False)\n",
    "    plt.tight_layout(pad=1)\n",
    "    \n",
    "    if kpts0 is not None:\n",
    "        assert kpts1 is not None\n",
    "        axes[0].scatter(kpts0[:, 0], kpts0[:, 1], c='w', s=2)\n",
    "        axes[1].scatter(kpts1[:, 0], kpts1[:, 1], c='w', s=2)\n",
    "\n",
    "    # draw matches\n",
    "    if mkpts0.shape[0] != 0 and mkpts1.shape[0] != 0:\n",
    "        fig.canvas.draw()\n",
    "        transFigure = fig.transFigure.inverted()\n",
    "        fkpts0 = transFigure.transform(axes[0].transData.transform(mkpts0))\n",
    "        fkpts1 = transFigure.transform(axes[1].transData.transform(mkpts1))\n",
    "        fig.lines = [matplotlib.lines.Line2D((fkpts0[i, 0], fkpts1[i, 0]),\n",
    "                                            (fkpts0[i, 1], fkpts1[i, 1]),\n",
    "                                            transform=fig.transFigure, c=color[i], linewidth=1)\n",
    "                                        for i in range(len(mkpts0))]\n",
    "        \n",
    "        axes[0].scatter(mkpts0[:, 0], mkpts0[:, 1], c=color, s=4)\n",
    "        axes[1].scatter(mkpts1[:, 0], mkpts1[:, 1], c=color, s=4)\n",
    "\n",
    "    # put txts\n",
    "    txt_color = 'k' if img0[:100, :200].mean() > 200 else 'w'\n",
    "    fig.text(\n",
    "        0.01, 0.99, '\\n'.join(text), transform=fig.axes[0].transAxes,\n",
    "        fontsize=15, va='top', ha='left', color=txt_color)\n",
    "\n",
    "    # save or return figure\n",
    "    if path:\n",
    "        plt.savefig(str(path), bbox_inches='tight', pad_inches=0)\n",
    "        plt.close()\n",
    "    else:\n",
    "        return fig\n"
   ]
  },
  {
   "cell_type": "code",
   "execution_count": 33,
   "id": "75ba7c3c",
   "metadata": {
    "scrolled": true
   },
   "outputs": [
    {
     "name": "stdout",
     "output_type": "stream",
     "text": [
      "Cameras:\n",
      "Camera ID: 1\n",
      "Camera Model: PINHOLE\n",
      "Width: 1264\n",
      "Height: 832\n",
      "Parameters: [1040.00730376 1040.19275667  632.          416.        ]\n",
      "\n",
      "Images:\n",
      "Image ID: 1\n",
      "Camera ID: 1\n",
      "Image Name: DSC05572.jpg\n",
      "Rotation Vector (quaternion): [ 0.96700749 -0.25273851  0.02894355  0.01349161]\n",
      "Translation Vector: [-2.95145007  1.55003603  3.38823628]\n",
      "Rotation Matrix:\n",
      "[[ 0.99796049 -0.04072328  0.04915757]\n",
      " [ 0.01146268  0.87188245  0.48958105]\n",
      " [-0.06279696 -0.48801907  0.87057104]]\n",
      "Camera Position (world coordinates): [ 3.14043396  0.18188198 -3.56348253]\n",
      "\n",
      "Image ID: 2\n",
      "Camera ID: 1\n",
      "Image Name: DSC05573.jpg\n",
      "Rotation Vector (quaternion): [ 0.98913438 -0.14664012 -0.00220545 -0.01024663]\n",
      "Translation Vector: [-3.36617578 -0.32632967  3.18480629]\n",
      "Rotation Matrix:\n",
      "[[ 0.99978029  0.0209174  -0.00135783]\n",
      " [-0.01962377  0.95678337  0.29013876]\n",
      " [ 0.0073681  -0.29004836  0.95698363]]\n",
      "Camera Position (world coordinates): [ 3.33556639  1.30638629 -2.95769729]\n",
      "\n",
      "Image ID: 3\n",
      "Camera ID: 1\n",
      "Image Name: DSC05574.jpg\n",
      "Rotation Vector (quaternion): [ 0.99300174  0.1169269  -0.00849155 -0.01426663]\n",
      "Translation Vector: [-3.30115381 -2.50904619  2.32840585]\n",
      "Rotation Matrix:\n",
      "[[ 0.99944871  0.0263478  -0.02020055]\n",
      " [-0.03031937  0.97224913 -0.23197494]\n",
      " [ 0.01352794  0.23245953  0.97251199]]\n",
      "Camera Position (world coordinates): [ 3.1917627   1.98513599 -2.91312358]\n",
      "\n",
      "Image ID: 4\n",
      "Camera ID: 1\n",
      "Image Name: DSC05575.jpg\n",
      "Rotation Vector (quaternion): [ 0.96080048 -0.27640607 -0.02131621 -0.00278346]\n",
      "Translation Vector: [-1.39239957  1.54667668  2.24371909]\n",
      "Rotation Matrix:\n",
      "[[ 0.99907574  0.01713256 -0.03942251]\n",
      " [ 0.00643516  0.84718388  0.53126083]\n",
      " [ 0.04249997 -0.5310235   0.84629061]]\n",
      "Camera Position (world coordinates): [ 1.28580152 -0.09499663 -2.77541903]\n",
      "\n",
      "Image ID: 5\n",
      "Camera ID: 1\n",
      "Image Name: DSC05576.jpg\n",
      "Rotation Vector (quaternion): [ 0.98489388 -0.17206788 -0.01042122 -0.01637349]\n",
      "Translation Vector: [-1.29636681 -0.18601638  2.41345256]\n",
      "Rotation Matrix:\n",
      "[[ 0.99924661  0.03583861 -0.01489288]\n",
      " [-0.02866599  0.94024911  0.33927847]\n",
      " [ 0.02616228 -0.33859594  0.94056808]]\n",
      "Camera Position (world coordinates): [ 1.22691637  1.03854697 -2.22621173]\n",
      "\n",
      "Image ID: 6\n",
      "Camera ID: 1\n",
      "Image Name: DSC05577.jpg\n",
      "Rotation Vector (quaternion): [ 0.995175    0.09001456 -0.03895804 -0.00252564]\n",
      "Translation Vector: [-1.44198389 -1.85600135  1.71052663]\n",
      "Rotation Matrix:\n",
      "[[ 0.99695178 -0.00198668 -0.07799483]\n",
      " [-0.01204049  0.983782   -0.17896368]\n",
      " [ 0.07708545  0.17935726  0.9807593 ]]\n",
      "Camera Position (world coordinates): [ 1.28338452  1.51624061 -2.12223903]\n",
      "\n",
      "Image ID: 7\n",
      "Camera ID: 1\n",
      "Image Name: DSC05578.jpg\n",
      "Rotation Vector (quaternion): [ 0.97036713 -0.24034992 -0.02447915 -0.00450855]\n",
      "Translation Vector: [1.23949791 1.35358456 2.22679472]\n",
      "Rotation Matrix:\n",
      "[[ 0.99876089  0.02051702 -0.04534028]\n",
      " [ 0.00301723  0.88442318  0.46667605]\n",
      " [ 0.04967479 -0.46623459  0.88326538]]\n",
      "Camera Position (world coordinates): [-1.35266167 -0.18436364 -2.54233699]\n",
      "\n",
      "Image ID: 8\n",
      "Camera ID: 1\n",
      "Image Name: DSC05579.jpg\n",
      "Rotation Vector (quaternion): [ 0.9868616  -0.16120411 -0.00785247 -0.00746729]\n",
      "Translation Vector: [ 1.29354122 -0.4480309   2.12288226]\n",
      "Rotation Matrix:\n",
      "[[ 0.99976516  0.01727007 -0.01309109]\n",
      " [-0.01220667  0.94791495  0.31828955]\n",
      " [ 0.01790612 -0.31805501  0.94790315]]\n",
      "Camera Position (world coordinates): [-1.336719    1.07754898 -1.85274936]\n",
      "\n",
      "Image ID: 9\n",
      "Camera ID: 1\n",
      "Image Name: DSC05580.jpg\n",
      "Rotation Vector (quaternion): [ 0.99278285  0.11850892 -0.01824607  0.00222238]\n",
      "Translation Vector: [ 1.26999364 -1.68434881  1.5030246 ]\n",
      "Rotation Matrix:\n",
      "[[ 9.99324284e-01 -8.73732601e-03 -3.57020178e-02]\n",
      " [ 8.80397666e-05  9.71901393e-01 -2.35388349e-01]\n",
      " [ 3.67555056e-02  2.35226150e-01  9.71245433e-01]]\n",
      "Camera Position (world coordinates): [-1.32423162  1.29456661 -1.81094053]\n",
      "\n",
      "Image ID: 10\n",
      "Camera ID: 1\n",
      "Image Name: DSC05581.jpg\n",
      "Rotation Vector (quaternion): [ 0.95937868 -0.27044905 -0.07571241 -0.02678602]\n",
      "Translation Vector: [4.19476477 1.77711319 3.8714334 ]\n",
      "Rotation Matrix:\n",
      "[[ 0.98710028  0.09234858 -0.13078523]\n",
      " [-0.01044318  0.85227964  0.52298217]\n",
      " [ 0.15976225 -0.51487003  0.84224989]]\n",
      "Camera Position (world coordinates): [-4.74060367  0.09130708 -3.64149957]\n",
      "\n",
      "Image ID: 11\n",
      "Camera ID: 1\n",
      "Image Name: DSC05582.jpg\n",
      "Rotation Vector (quaternion): [ 0.99490706 -0.09304838 -0.02200431 -0.03190225]\n",
      "Translation Vector: [ 4.55951907 -0.80728315  3.28008893]\n",
      "Rotation Matrix:\n",
      "[[ 0.99699611  0.06757448 -0.03784758]\n",
      " [-0.05938461  0.98064849  0.18655295]\n",
      " [ 0.04972139 -0.183745    0.98171562]]\n",
      "Camera Position (world coordinates): [-4.75685357  1.08625385 -2.89694673]\n",
      "\n",
      "Image ID: 12\n",
      "Camera ID: 1\n",
      "Image Name: DSC05583.jpg\n",
      "Rotation Vector (quaternion): [ 0.97606629  0.17994092 -0.10987986 -0.05331309]\n",
      "Translation Vector: [ 3.04037805 -2.88601541  2.83817191]\n",
      "Rotation Matrix:\n",
      "[[ 0.97016826  0.06453046 -0.23368647]\n",
      " [-0.14361799  0.92955796 -0.33955245]\n",
      " [ 0.19531365  0.36298459  0.91109537]]\n",
      "Camera Position (world coordinates): [-3.91849572  1.45630893 -2.85530366]\n",
      "\n",
      "Image ID: 13\n",
      "Camera ID: 1\n",
      "Image Name: DSC05584.jpg\n",
      "Rotation Vector (quaternion): [0.73817518 0.02703097 0.00490282 0.67404948]\n",
      "Translation Vector: [2.67789521 5.11551857 5.02729238]\n",
      "Rotation Matrix:\n",
      "[[ 0.09126653 -0.99486813  0.0436787 ]\n",
      " [ 0.99539824  0.08985326 -0.03329771]\n",
      " [ 0.02920215  0.04651667  0.99849058]]\n",
      "Camera Position (world coordinates): [-5.48318816  1.97065367 -4.96633602]\n",
      "\n",
      "Image ID: 14\n",
      "Camera ID: 1\n",
      "Image Name: DSC05585.jpg\n",
      "Rotation Vector (quaternion): [ 0.68779321 -0.26471812 -0.16160801  0.65631369]\n",
      "Translation Vector: [-1.16293836  6.26085606  4.4109769 ]\n",
      "Rotation Matrix:\n",
      "[[ 0.08627038 -0.81725507 -0.56978204]\n",
      " [ 0.98837734 -0.0016467   0.15201156]\n",
      " [-0.12517048 -0.57627375  0.80761434]]\n",
      "Camera Position (world coordinates): [-5.53563706  1.60182266 -5.17671208]\n",
      "\n",
      "Image ID: 15\n",
      "Camera ID: 1\n",
      "Image Name: DSC05586.jpg\n",
      "Rotation Vector (quaternion): [ 0.88980659 -0.23742911 -0.38583381 -0.05480804]\n",
      "Translation Vector: [0.90601931 2.08708051 6.83054133]\n",
      "Rotation Matrix:\n",
      "[[ 0.6962567   0.28075346 -0.66060888]\n",
      " [ 0.08567925  0.88124699  0.46482556]\n",
      " [ 0.71266098 -0.38023839  0.58951938]]\n",
      "Camera Position (world coordinates): [-5.67750176  0.50363254 -4.39834048]\n",
      "\n",
      "Image ID: 16\n",
      "Camera ID: 1\n",
      "Image Name: DSC05587.jpg\n",
      "Rotation Vector (quaternion): [ 0.90005291 -0.09973854 -0.40365293 -0.1304657 ]\n",
      "Translation Vector: [ 0.36577493 -1.02902052  6.56213354]\n",
      "Rotation Matrix:\n",
      "[[ 0.64008602  0.31537158 -0.70059307]\n",
      " [-0.15433256  0.94606185  0.28486566]\n",
      " [ 0.75264291 -0.07421421  0.65423307]]\n",
      "Camera Position (world coordinates): [-5.33188205  1.34516556 -3.74377276]\n",
      "\n",
      "Image ID: 17\n",
      "Camera ID: 1\n",
      "Image Name: DSC05588.jpg\n",
      "Rotation Vector (quaternion): [ 0.90217048  0.07481057 -0.38611416 -0.17722205]\n",
      "Translation Vector: [-0.1736915  -3.41884725  5.45503335]\n",
      "Rotation Matrix:\n",
      "[[ 0.63901641  0.26199817 -0.72319775]\n",
      " [-0.37753984  0.92599145  0.00187212]\n",
      " [ 0.67016542  0.27183965  0.69063848]]\n",
      "Camera Position (world coordinates): [-4.83553408  1.72843579 -3.88666874]\n",
      "\n",
      "Image ID: 18\n",
      "Camera ID: 1\n",
      "Image Name: DSC05589.jpg\n",
      "Rotation Vector (quaternion): [ 0.68726354 -0.16047683 -0.69918576 -0.11425968]\n",
      "Translation Vector: [-3.47883869  1.24790847  3.30341245]\n",
      "Rotation Matrix:\n",
      "[[-0.00383202  0.38145926 -0.92437771]\n",
      " [ 0.06735321  0.92238382  0.38035723]\n",
      " [ 0.99772184 -0.06080227 -0.02922709]]\n",
      "Camera Position (world coordinates): [-3.39326833  0.3768396  -3.59386281]\n",
      "\n",
      "Image ID: 19\n",
      "Camera ID: 1\n",
      "Image Name: DSC05590.jpg\n",
      "Rotation Vector (quaternion): [ 0.69001908 -0.08397277 -0.67827017 -0.23826838]\n",
      "Translation Vector: [-3.58847065 -0.57276497  3.09999302]\n",
      "Rotation Matrix:\n",
      "[[-0.03364449  0.4427319  -0.89602261]\n",
      " [-0.21490701  0.87235351  0.43910629]\n",
      " [ 0.97605483  0.20733504  0.0657963 ]]\n",
      "Camera Position (world coordinates): [-3.26958662  1.44564678 -3.1678142 ]\n",
      "\n",
      "Image ID: 20\n",
      "Camera ID: 1\n",
      "Image Name: DSC05591.jpg\n",
      "Rotation Vector (quaternion): [ 0.67228165  0.14263212 -0.58060744 -0.43656438]\n",
      "Translation Vector: [-3.67344278 -2.49603932  1.81690161]\n",
      "Rotation Matrix:\n",
      "[[-0.05538691  0.4213619  -0.90519967]\n",
      " [-0.75261498  0.57813525  0.31516714]\n",
      " [ 0.65612726  0.69872296  0.28510215]]\n",
      "Camera Position (world coordinates): [-3.27413592  1.72138628 -3.05653216]\n",
      "\n",
      "Image ID: 21\n",
      "Camera ID: 1\n",
      "Image Name: DSC05592.jpg\n",
      "Rotation Vector (quaternion): [ 0.67634373 -0.19953034 -0.70444744 -0.0806263 ]\n",
      "Translation Vector: [-0.8967744   1.8329695   2.91317069]\n",
      "Rotation Matrix:\n",
      "[[-0.0054936   0.39017947 -0.92072244]\n",
      " [ 0.17205509  0.90737408  0.38349618]\n",
      " [ 0.98507201 -0.15630821 -0.07211712]]\n",
      "Camera Position (world coordinates): [-3.18998117 -0.85793358 -1.31852764]\n",
      "\n",
      "Image ID: 22\n",
      "Camera ID: 1\n",
      "Image Name: DSC05593.jpg\n",
      "Rotation Vector (quaternion): [ 0.69716792 -0.12042821 -0.68121299 -0.18815633]\n",
      "Translation Vector: [-0.85926385  0.35037909  3.08737635]\n",
      "Rotation Matrix:\n",
      "[[ 0.00109211  0.42642763 -0.90452102]\n",
      " [-0.09827859  0.90018848  0.42426644]\n",
      " [ 0.99515834  0.0884317   0.04289181]]\n",
      "Camera Position (world coordinates): [-3.03705516 -0.22201532 -1.05829948]\n",
      "\n",
      "Image ID: 23\n",
      "Camera ID: 1\n",
      "Image Name: DSC05594.jpg\n",
      "Rotation Vector (quaternion): [ 0.69364306 -0.02204061 -0.66639026 -0.27257575]\n",
      "Translation Vector: [-1.00429804 -1.50608883  2.73939349]\n",
      "Rotation Matrix:\n",
      "[[-0.03674702  0.40751584 -0.91245849]\n",
      " [-0.34876526  0.85043335  0.39386027]\n",
      " [ 0.93648943  0.33270702  0.11087648]]\n",
      "Camera Position (world coordinates): [-3.12758947  0.77868009 -0.62692602]\n",
      "\n",
      "Image ID: 24\n",
      "Camera ID: 1\n",
      "Image Name: DSC05595.jpg\n",
      "Rotation Vector (quaternion): [ 0.68990254  0.11313513 -0.5962976  -0.39454291]\n",
      "Translation Vector: [-0.95600622 -2.50887687  1.92345473]\n",
      "Rotation Matrix:\n",
      "[[-0.02246987  0.40946789 -0.91204778]\n",
      " [-0.67931672  0.66307267  0.31442555]\n",
      " [ 0.73350112  0.62663441  0.26325923]]\n",
      "Camera Position (world coordinates): [-3.13665955  0.84971861 -0.58943557]\n",
      "\n",
      "Image ID: 25\n",
      "Camera ID: 1\n",
      "Image Name: DSC05596.jpg\n",
      "Rotation Vector (quaternion): [ 0.64268094 -0.20728228 -0.73140217 -0.09511116]\n",
      "Translation Vector: [1.86803963 1.97324868 3.21909448]\n",
      "Rotation Matrix:\n",
      "[[-0.08799052  0.42546569 -0.90068675]\n",
      " [ 0.18096116  0.89597584  0.40556177]\n",
      " [ 0.97954618 -0.12730373 -0.15583015]]\n",
      "Camera Position (world coordinates): [-3.34596329 -2.15296719  1.38387629]\n",
      "\n",
      "Image ID: 26\n",
      "Camera ID: 1\n",
      "Image Name: DSC05597.jpg\n",
      "Rotation Vector (quaternion): [ 0.66458527 -0.12431408 -0.71363052 -0.18331371]\n",
      "Translation Vector: [1.91235248 0.18254996 3.23773369]\n",
      "Rotation Matrix:\n",
      "[[-0.08574487  0.42108382 -0.90295971]\n",
      " [-0.06622654  0.90188419  0.42687113]\n",
      " [ 0.99411361  0.09640191 -0.04944501]]\n",
      "Camera Position (world coordinates): [-3.04261106 -1.28202332  1.80894172]\n",
      "\n",
      "Image ID: 27\n",
      "Camera ID: 1\n",
      "Image Name: DSC05598.jpg\n",
      "Rotation Vector (quaternion): [ 0.67535677 -0.04256576 -0.68009714 -0.28204479]\n",
      "Translation Vector: [ 1.90747937 -1.5696903   2.91695935]\n",
      "Rotation Matrix:\n",
      "[[-0.08416278  0.43885942 -0.89460552]\n",
      " [-0.32306401  0.83727778  0.44112986]\n",
      " [ 0.94262732  0.32614157  0.07131206]]\n",
      "Camera Position (world coordinates): [-3.09617727 -0.47419017  2.19086445]\n",
      "\n",
      "Image ID: 28\n",
      "Camera ID: 1\n",
      "Image Name: DSC05599.jpg\n",
      "Rotation Vector (quaternion): [ 0.65408222  0.15824811 -0.59294452 -0.44221124]\n",
      "Translation Vector: [ 1.86820041 -2.94803969  1.71468259]\n",
      "Rotation Matrix:\n",
      "[[-0.09426797  0.39082032 -0.91562712]\n",
      " [-0.76614972  0.55881351  0.31739892]\n",
      " [ 0.63571075  0.73142801  0.24674867]]\n",
      "Camera Position (world coordinates): [-3.17257047 -0.33689317  2.22318393]\n",
      "\n",
      "Image ID: 29\n",
      "Camera ID: 1\n",
      "Image Name: DSC05600.jpg\n",
      "Rotation Vector (quaternion): [-0.33066533  0.12127441  0.93324765  0.07072327]\n",
      "Translation Vector: [0.03900333 2.33735317 3.51475491]\n",
      "Rotation Matrix:\n",
      "[[-0.75190591  0.27312958 -0.60003144]\n",
      " [ 0.17958665  0.96058147  0.21220714]\n",
      " [ 0.63433913  0.05180217 -0.77131732]]\n",
      "Camera Position (world coordinates): [-2.61997716 -2.43794304  2.23839152]\n",
      "\n",
      "Image ID: 30\n",
      "Camera ID: 1\n",
      "Image Name: DSC05601.jpg\n",
      "Rotation Vector (quaternion): [-0.35221629  0.07747096  0.90364406  0.23101806]\n",
      "Translation Vector: [0.14219773 0.46056798 3.91333115]\n",
      "Rotation Matrix:\n",
      "[[-0.73988387  0.302749   -0.60076194]\n",
      " [-0.0227243   0.88125781  0.47208927]\n",
      " [ 0.67235071  0.36294313 -0.64514868]]\n",
      "Camera Position (world coordinates): [-2.51545507 -1.869246    2.3926782 ]\n",
      "\n",
      "Image ID: 31\n",
      "Camera ID: 1\n",
      "Image Name: DSC05602.jpg\n",
      "Rotation Vector (quaternion): [-0.36354073 -0.00681548  0.81016473  0.45980952]\n",
      "Translation Vector: [ 0.1682054  -1.93915256  3.23151169]\n",
      "Rotation Matrix:\n",
      "[[-0.73558338  0.32327565 -0.5953234 ]\n",
      " [-0.34536229  0.57705751  0.7400875 ]\n",
      " [ 0.58278811  0.74999832 -0.31282669]]\n",
      "Camera Position (world coordinates): [-2.42926767 -1.3590025   2.5461823 ]\n",
      "\n",
      "Image ID: 32\n",
      "Camera ID: 1\n",
      "Image Name: DSC05603.jpg\n",
      "Rotation Vector (quaternion): [0.04722001 0.00142116 0.99071977 0.12744644]\n",
      "Translation Vector: [-3.35623072  1.82375876  2.54115804]\n",
      "Rotation Matrix:\n",
      "[[-0.9955365  -0.0092201   0.09392583]\n",
      " [ 0.01485199  0.96751077  0.25239321]\n",
      " [-0.09320134  0.25266164 -0.96305535]]\n",
      "Camera Position (world coordinates): [-3.1314973  -2.43750416  2.30220829]\n",
      "\n",
      "Image ID: 33\n",
      "Camera ID: 1\n",
      "Image Name: DSC05604.jpg\n",
      "Rotation Vector (quaternion): [0.05107846 0.02212093 0.97677577 0.2069076 ]\n",
      "Translation Vector: [-3.34865253  0.89718862  2.6251299 ]\n",
      "Rotation Matrix:\n",
      "[[-0.99380331  0.02207733  0.10893838]\n",
      " [ 0.06435142  0.91339982  0.40194486]\n",
      " [-0.09063043  0.40646447 -0.90916047]]\n",
      "Camera Position (world coordinates): [-3.14772068 -1.81258463  2.39084078]\n",
      "\n",
      "Image ID: 34\n",
      "Camera ID: 1\n",
      "Image Name: DSC05605.jpg\n",
      "Rotation Vector (quaternion): [0.0493854  0.02279135 0.94781018 0.31416158]\n",
      "Translation Vector: [-3.3339952  -0.809188    2.53972758]\n",
      "Rotation Matrix:\n",
      "[[-0.99408327  0.01217376  0.10793631]\n",
      " [ 0.07423374  0.80156611  0.59327997]\n",
      " [-0.07929564  0.59778221 -0.79772717]]\n",
      "Camera Position (world coordinates): [-3.05281047 -0.82899905  2.86594386]\n",
      "\n",
      "Image ID: 35\n",
      "Camera ID: 1\n",
      "Image Name: DSC05606.jpg\n",
      "Rotation Vector (quaternion): [0.02612076 0.03417895 0.82576033 0.56237833]\n",
      "Translation Vector: [-3.2671419  -2.16852818  1.7462587 ]\n",
      "Rotation Matrix:\n",
      "[[-0.99629901  0.02706775  0.08158197]\n",
      " [ 0.08582674  0.36512482  0.92699387]\n",
      " [-0.00469596  0.93056499 -0.36609664]]\n",
      "Camera Position (world coordinates): [-3.06073217 -0.74478956  2.91605164]\n",
      "\n",
      "Image ID: 36\n",
      "Camera ID: 1\n",
      "Image Name: DSC05607.jpg\n",
      "Rotation Vector (quaternion): [0.01957147 0.00342306 0.99117841 0.13103664]\n",
      "Translation Vector: [-0.96618255  1.98368602  2.00886668]\n",
      "Rotation Matrix:\n",
      "[[-0.99921048  0.00165656  0.03969474]\n",
      " [ 0.01191488  0.96563536  0.25962739]\n",
      " [-0.03790055  0.25989536 -0.96489271]]\n",
      "Camera Position (world coordinates): [-0.91291796 -2.43601197  1.46167397]\n",
      "\n",
      "Image ID: 37\n",
      "Camera ID: 1\n",
      "Image Name: DSC05608.jpg\n",
      "Rotation Vector (quaternion): [0.04739073 0.01390657 0.9731934  0.22462264]\n",
      "Translation Vector: [-0.94781755  0.67481254  2.17642229]\n",
      "Rotation Matrix:\n",
      "[[-0.99512145  0.0057775   0.09848816]\n",
      " [ 0.04835763  0.89870255  0.43588446]\n",
      " [-0.08599324  0.43852063 -0.89459757]]\n",
      "Camera Position (world coordinates): [-0.78866831 -1.55538581  1.74623061]\n",
      "\n",
      "Image ID: 38\n",
      "Camera ID: 1\n",
      "Image Name: DSC05609.jpg\n",
      "Rotation Vector (quaternion): [0.04120922 0.01873154 0.90517489 0.42262199]\n",
      "Translation Vector: [-0.9685754  -0.88392137  1.86090179]\n",
      "Rotation Matrix:\n",
      "[[-9.95901859e-01 -9.21213327e-04  9.04358272e-02]\n",
      " [ 6.87424823e-02  6.42079566e-01  7.63549804e-01]\n",
      " [-5.87703889e-02  7.66637452e-01 -6.39384906e-01]]\n",
      "Camera Position (world coordinates): [-0.79447717 -0.85998142  1.95234443]\n",
      "\n",
      "Image ID: 39\n",
      "Camera ID: 1\n",
      "Image Name: DSC05610.jpg\n",
      "Rotation Vector (quaternion): [0.05552966 0.00920486 0.755155   0.6531253 ]\n",
      "Translation Vector: [-1.02912257 -2.20746516  0.7465402 ]\n",
      "Rotation Matrix:\n",
      "[[-0.99366345 -0.05863346  0.09589085]\n",
      " [ 0.08643784  0.14668522  0.98539938]\n",
      " [-0.07184315  0.98744395 -0.14068759]]\n",
      "Camera Position (world coordinates): [-0.77815917 -0.47370511  2.37894719]\n",
      "\n",
      "Image ID: 40\n",
      "Camera ID: 1\n",
      "Image Name: DSC05611.jpg\n",
      "Rotation Vector (quaternion): [ 0.03382401 -0.00907289  0.99430197  0.1006837 ]\n",
      "Translation Vector: [1.65547067 1.76561653 2.05438222]\n",
      "Rotation Matrix:\n",
      "[[-0.99754724 -0.02485343  0.06543557]\n",
      " [-0.01123133  0.97956095  0.20083377]\n",
      " [-0.06908954  0.19960625 -0.97743746]]\n",
      "Camera Position (world coordinates): [ 1.81317673 -2.0984524   1.54510804]\n",
      "\n",
      "Image ID: 41\n",
      "Camera ID: 1\n",
      "Image Name: DSC05612.jpg\n",
      "Rotation Vector (quaternion): [0.04676457 0.02720161 0.97509724 0.21507793]\n",
      "Translation Vector: [1.6031925  0.37035308 2.15699702]\n",
      "Rotation Matrix:\n",
      "[[-0.99414629  0.03293237  0.10290095]\n",
      " [ 0.07316449  0.90600311  0.41689965]\n",
      " [-0.07949908  0.42198794 -0.90310911]]\n",
      "Camera Position (world coordinates): [ 1.73819047 -1.2985647   1.62863357]\n",
      "\n",
      "Image ID: 42\n",
      "Camera ID: 1\n",
      "Image Name: DSC05613.jpg\n",
      "Rotation Vector (quaternion): [0.03436458 0.02276861 0.94250364 0.33164373]\n",
      "Translation Vector: [ 1.56921862 -1.00151678  1.78137124]\n",
      "Rotation Matrix:\n",
      "[[-0.99660133  0.02012541  0.07987962]\n",
      " [ 0.0657126   0.77898805  0.62358597]\n",
      " [-0.04967535  0.62671571 -0.77766302]]\n",
      "Camera Position (world coordinates): [ 1.71818787 -0.3678249   1.88448978]\n",
      "\n",
      "Image ID: 43\n",
      "Camera ID: 1\n",
      "Image Name: DSC05614.jpg\n",
      "Rotation Vector (quaternion): [0.02080444 0.02289955 0.8008006  0.59813141]\n",
      "Translation Vector: [ 1.64221878 -2.00135702  0.72989382]\n",
      "Rotation Matrix:\n",
      "[[-0.99808557  0.01178837  0.06071431]\n",
      " [ 0.06156353  0.28342887  0.95701516]\n",
      " [-0.00592654  0.95892081 -0.28361199]]\n",
      "Camera Position (world coordinates): [ 1.76661122 -0.15202711  2.02262947]\n",
      "\n",
      "Image ID: 44\n",
      "Camera ID: 1\n",
      "Image Name: DSC05615.jpg\n",
      "Rotation Vector (quaternion): [ 0.32925744 -0.07466115  0.93578918  0.10155718]\n",
      "Translation Vector: [0.28577673 2.44461917 4.55065296]\n",
      "Rotation Matrix:\n",
      "[[-0.77203051 -0.20661111  0.60106634]\n",
      " [-0.07285728  0.9682237   0.2392377 ]\n",
      " [-0.63139585  0.14090674 -0.76255136]]\n",
      "Camera Position (world coordinates): [ 3.27200004 -2.94911127  2.71349075]\n",
      "\n",
      "Image ID: 45\n",
      "Camera ID: 1\n",
      "Image Name: DSC05616.jpg\n",
      "Rotation Vector (quaternion): [ 0.35417338 -0.04045541  0.9131917   0.19749808]\n",
      "Translation Vector: [0.07052688 0.82800858 4.65310095]\n",
      "Rotation Matrix:\n",
      "[[-0.74584915 -0.21378422  0.63087666]\n",
      " [ 0.06601003  0.91871574  0.38936368]\n",
      " [-0.66283612  0.33205075 -0.67111145]]\n",
      "Camera Position (world coordinates): [ 3.08218893 -2.29069264  2.75585908]\n",
      "\n",
      "Image ID: 46\n",
      "Camera ID: 1\n",
      "Image Name: DSC05617.jpg\n",
      "Rotation Vector (quaternion): [ 0.31374125 -0.02445538  0.90450297  0.28782414]\n",
      "Translation Vector: [ 0.51189279 -1.24792761  4.61675782]\n",
      "Rotation Matrix:\n",
      "[[-0.80193673 -0.22484454  0.55348208]\n",
      " [ 0.13636467  0.8331184   0.5360209 ]\n",
      " [-0.58163748  0.50533025 -0.63744739]]\n",
      "Camera Position (world coordinates): [ 3.26595825 -1.17821964  3.32853203]\n",
      "\n",
      "Image ID: 47\n",
      "Camera ID: 1\n",
      "Image Name: DSC05618.jpg\n",
      "Rotation Vector (quaternion): [0.28386078 0.123789   0.71177174 0.63046042]\n",
      "Translation Vector: [ 0.66282005 -3.97000608  2.12188624]\n",
      "Rotation Matrix:\n",
      "[[-0.80819869 -0.18170695  0.56017628]\n",
      " [ 0.53414499  0.17439189  0.82721013]\n",
      " [-0.24800003  0.9677655  -0.04388544]]\n",
      "Camera Position (world coordinates): [ 3.182477   -1.24071241  3.00585309]\n",
      "\n",
      "Image ID: 48\n",
      "Camera ID: 1\n",
      "Image Name: DSC05619.jpg\n",
      "Rotation Vector (quaternion): [0.00259329 0.03269551 0.81428824 0.57953338]\n",
      "Translation Vector: [ 3.54886679 -2.42643844  2.30864517]\n",
      "Rotation Matrix:\n",
      "[[-0.99784856  0.05024135  0.04211964]\n",
      " [ 0.05625293  0.32614413  0.94364486]\n",
      " [ 0.03367292  0.94398401 -0.32826867]]\n",
      "Camera Position (world coordinates): [ 3.59998707 -1.56625534  2.89807503]\n",
      "\n",
      "Image ID: 49\n",
      "Camera ID: 1\n",
      "Image Name: DSC05620.jpg\n",
      "Rotation Vector (quaternion): [-0.39301421 -0.5691771   0.66013636  0.29291166]\n",
      "Translation Vector: [1.71821188 3.88917425 2.23913427]\n",
      "Rotation Matrix:\n",
      "[[-0.04315452 -0.52123211 -0.85232316]\n",
      " [-0.98170589  0.18048037 -0.0606661 ]\n",
      " [ 0.18544872  0.83411265 -0.51948518]]\n",
      "Camera Position (world coordinates): [ 3.47692931 -1.67402264  2.86360987]\n",
      "\n",
      "Image ID: 50\n",
      "Camera ID: 1\n",
      "Image Name: DSC05621.jpg\n",
      "Rotation Vector (quaternion): [ 0.67060969 -0.19944104  0.70612363  0.10906571]\n",
      "Translation Vector: [-3.60880083  1.90889289  3.59710745]\n",
      "Rotation Matrix:\n",
      "[[-0.02101183 -0.42794111  0.90356234]\n",
      " [-0.13537901  0.89665589  0.42152194]\n",
      " [-0.99057106 -0.11346643 -0.07677462]]\n",
      "Camera Position (world coordinates): [ 3.74578705 -2.84782334  2.73230288]\n",
      "\n",
      "Image ID: 51\n",
      "Camera ID: 1\n",
      "Image Name: DSC05622.jpg\n",
      "Rotation Vector (quaternion): [ 0.71113897 -0.07855773  0.67649332  0.17454755]\n",
      "Translation Vector: [-3.73985558  0.16296814  3.41945283]\n",
      "Rotation Matrix:\n",
      "[[ 0.02377989 -0.35454269  0.9347374 ]\n",
      " [ 0.14196757  0.92672367  0.34789143]\n",
      " [-0.98958563  0.12442957  0.07237095]]\n",
      "Camera Position (world coordinates): [ 3.44963857 -1.90244592  3.19161859]\n",
      "\n",
      "Image ID: 52\n",
      "Camera ID: 1\n",
      "Image Name: DSC05623.jpg\n",
      "Rotation Vector (quaternion): [0.71785373 0.11089975 0.60708683 0.32223105]\n",
      "Translation Vector: [-3.87183783 -2.25527999  2.53726433]\n",
      "Rotation Matrix:\n",
      "[[ 0.05522547 -0.32797796  0.94306978]\n",
      " [ 0.59728108  0.7677368   0.23202484]\n",
      " [-0.8001284   0.55046405  0.23829365]]\n",
      "Camera Position (world coordinates): [ 3.59099738 -0.93508884  3.57008025]\n",
      "\n",
      "Image ID: 53\n",
      "Camera ID: 1\n",
      "Image Name: DSC05624.jpg\n",
      "Rotation Vector (quaternion): [0.63223876 0.33531013 0.53131287 0.45337392]\n",
      "Translation Vector: [-4.02004279 -2.93342513  1.58059425]\n",
      "Rotation Matrix:\n",
      "[[ 0.02431745 -0.21697196  0.97587491]\n",
      " [ 0.9295903   0.36403841  0.05777468]\n",
      " [-0.36779144  0.90575891  0.21054751]]\n",
      "Camera Position (world coordinates): [ 3.40596976 -1.23599447  3.75974639]\n",
      "\n",
      "Image ID: 54\n",
      "Camera ID: 1\n",
      "Image Name: DSC05625.jpg\n",
      "Rotation Vector (quaternion): [ 0.71279881 -0.22888718  0.66003302  0.06232924]\n",
      "Translation Vector: [-1.39198868  2.00873069  1.98097089]\n",
      "Rotation Matrix:\n",
      "[[ 0.12094296 -0.3910026   0.91240877]\n",
      " [-0.21328977  0.88745145  0.40857973]\n",
      " [-0.96947422 -0.2440223   0.02393415]]\n",
      "Camera Position (world coordinates): [ 2.51729316 -1.84352109  0.40192319]\n",
      "\n",
      "Image ID: 55\n",
      "Camera ID: 1\n",
      "Image Name: DSC05626.jpg\n",
      "Rotation Vector (quaternion): [ 0.74154236 -0.07087779  0.64147858  0.18329348]\n",
      "Translation Vector: [-1.3428502   0.27183175  2.22894088]\n",
      "Rotation Matrix:\n",
      "[[ 0.10981747 -0.36277292  0.92538421]\n",
      " [ 0.18090659  0.92275968  0.34027544]\n",
      " [-0.97734995  0.13003991  0.16696315]]\n",
      "Camera Position (world coordinates): [ 2.27674752 -1.02783635  0.77800371]\n",
      "\n",
      "Image ID: 56\n",
      "Camera ID: 1\n",
      "Image Name: DSC05627.jpg\n",
      "Rotation Vector (quaternion): [0.72132266 0.05363263 0.61593887 0.31214816]\n",
      "Translation Vector: [-1.13030953 -1.3208153   1.78436151]\n",
      "Rotation Matrix:\n",
      "[[ 0.04636568 -0.38425024  0.92206398]\n",
      " [ 0.51638793  0.79937413  0.30715551]\n",
      " [-0.85509867  0.46190123  0.23548571]]\n",
      "Camera Position (world coordinates): [ 2.2602658  -0.2026949   1.02772175]\n",
      "\n",
      "Image ID: 57\n",
      "Camera ID: 1\n",
      "Image Name: DSC05628.jpg\n",
      "Rotation Vector (quaternion): [0.68623238 0.23635237 0.50752004 0.4643771 ]\n",
      "Translation Vector: [-1.09959125 -2.23798058  0.69875143]\n",
      "Rotation Matrix:\n",
      "[[ 0.05355464 -0.39743407  0.91606662]\n",
      " [ 0.87724833  0.45698293  0.14697607]\n",
      " [-0.47704011  0.79574667  0.37312193]]\n",
      "Camera Position (world coordinates): [2.3554854  0.02967478 1.07550894]\n",
      "\n",
      "Image ID: 58\n",
      "Camera ID: 1\n",
      "Image Name: DSC05629.jpg\n",
      "Rotation Vector (quaternion): [ 0.69144529 -0.22536973  0.68296226  0.06836991]\n",
      "Translation Vector: [1.74127189 1.96309467 1.47897287]\n",
      "Rotation Matrix:\n",
      "[[ 0.05777621 -0.40238614  0.91364506]\n",
      " [-0.21328993  0.88906808  0.40504981]\n",
      " [-0.9752791  -0.21827354 -0.03445793]]\n",
      "Camera Position (world coordinates): [ 1.76051557 -0.72184049 -2.33509324]\n",
      "\n",
      "Image ID: 59\n",
      "Camera ID: 1\n",
      "Image Name: DSC05630.jpg\n",
      "Rotation Vector (quaternion): [ 0.71808253 -0.13833859  0.66939145  0.13090077]\n",
      "Translation Vector: [1.71794272 0.88473369 1.72457535]\n",
      "Rotation Matrix:\n",
      "[[ 0.06956016 -0.37320045  0.92513934]\n",
      " [ 0.00278977  0.92745484  0.37392477]\n",
      " [-0.99757386 -0.02342934  0.06555505]]\n",
      "Camera Position (world coordinates): [ 1.5984227  -0.13900788 -2.03321487]\n",
      "\n",
      "Image ID: 60\n",
      "Camera ID: 1\n",
      "Image Name: DSC05631.jpg\n",
      "Rotation Vector (quaternion): [ 0.72535866 -0.00423676  0.64470225  0.24123819]\n",
      "Translation Vector: [ 1.73874905 -0.36312628  1.51138944]\n",
      "Rotation Matrix:\n",
      "[[ 0.05232627 -0.35543132  0.93323659]\n",
      " [ 0.34450553  0.88357237  0.31719995]\n",
      " [-0.93732486  0.30490728  0.1686821 ]]\n",
      "Camera Position (world coordinates): [ 1.45077966  0.47802059 -1.76242495]\n",
      "\n",
      "Image ID: 61\n",
      "Camera ID: 1\n",
      "Image Name: DSC05632.jpg\n",
      "Rotation Vector (quaternion): [0.69973678 0.13701426 0.5806067  0.39305393]\n",
      "Translation Vector: [ 1.83997922 -1.44497304  0.87371555]\n",
      "Rotation Matrix:\n",
      "[[ 0.01680894 -0.39096579  0.92025171]\n",
      " [ 0.70917138  0.6534714   0.26467165]\n",
      " [-0.70483574  0.64816732  0.28824591]]\n",
      "Camera Position (world coordinates): [ 1.60963136  1.09730361 -1.56264556]\n",
      "\n",
      "Image ID: 62\n",
      "Camera ID: 1\n",
      "Image Name: DSC05633.jpg\n",
      "Rotation Vector (quaternion): [ 0.88716445 -0.25789502  0.37720277  0.06440091]\n",
      "Translation Vector: [0.21417936 2.17187508 4.62311749]\n",
      "Rotation Matrix:\n",
      "[[ 0.70714119 -0.30882583  0.63606442]\n",
      " [-0.08028903  0.85868536  0.50617499]\n",
      " [-0.70249912 -0.40900617  0.58241646]]\n",
      "Camera Position (world coordinates): [ 3.27065865  0.09207037 -3.92816044]\n",
      "\n",
      "Image ID: 63\n",
      "Camera ID: 1\n",
      "Image Name: DSC05634.jpg\n",
      "Rotation Vector (quaternion): [ 0.90717457 -0.14646764  0.38382779  0.0908722 ]\n",
      "Translation Vector: [0.39675801 0.49046977 4.82102113]\n",
      "Rotation Matrix:\n",
      "[[ 0.68883694 -0.2773106   0.66977795]\n",
      " [ 0.0524372   0.94057895  0.33550199]\n",
      " [-0.7230173  -0.19598488  0.66244691]]\n",
      "Camera Position (world coordinates): [ 3.18666123  0.59354693 -3.62396391]\n",
      "\n",
      "Image ID: 64\n",
      "Camera ID: 1\n",
      "Image Name: DSC05635.jpg\n",
      "Rotation Vector (quaternion): [ 0.91446045 -0.11726546  0.37405417  0.10047078]\n",
      "Translation Vector: [ 0.28263392 -0.67600386  4.63030485]\n",
      "Rotation Matrix:\n",
      "[[ 0.69997821 -0.27148037  0.66055198]\n",
      " [ 0.09602584  0.95230887  0.28963227]\n",
      " [-0.70767899 -0.13930622  0.69266459]]\n",
      "Camera Position (world coordinates): [ 3.14384569  1.3655243  -3.19815006]\n",
      "\n",
      "Image ID: 65\n",
      "Camera ID: 1\n",
      "Image Name: DSC05636.jpg\n",
      "Rotation Vector (quaternion): [0.90946628 0.17748109 0.31191021 0.20996088]\n",
      "Translation Vector: [ 0.15394452 -3.7374547   3.02421268]\n",
      "Rotation Matrix:\n",
      "[[ 0.71725691 -0.27118835  0.6418718 ]\n",
      " [ 0.492621    0.84883379 -0.19184825]\n",
      " [-0.49281546  0.45380401  0.74242497]]\n",
      "Camera Position (world coordinates): [ 3.22110968  1.84182596 -3.06108779]\n",
      "\n",
      "Image ID: 66\n",
      "Camera ID: 1\n",
      "Image Name: DSC05637.jpg\n",
      "Rotation Vector (quaternion): [ 0.2030771  -0.32965004  0.57766333  0.71860672]\n",
      "Translation Vector: [2.35927903 3.54234929 1.89560311]\n",
      "Rotation Matrix:\n",
      "[[-0.70018109 -0.67271861 -0.23915708]\n",
      " [-0.08898834 -0.25012954  0.96411425]\n",
      " [-0.70839785  0.69633676  0.11527186]]\n",
      "Camera Position (world coordinates): [ 3.30999153  1.15319896 -3.06950084]\n",
      "\n",
      "Image ID: 67\n",
      "Camera ID: 1\n",
      "Image Name: DSC05638.jpg\n",
      "Rotation Vector (quaternion): [ 0.76544541  0.24942903 -0.00848335  0.5931328 ]\n",
      "Translation Vector: [ 1.42227094 -3.45166931  1.79075578]\n",
      "Rotation Matrix:\n",
      "[[ 0.29624303 -0.91225355  0.28290199]\n",
      " [ 0.90378957  0.17195728 -0.39191212]\n",
      " [ 0.30887616  0.3717851   0.87542639]]\n",
      "Camera Position (world coordinates): [ 2.14512311  1.22523507 -3.32278916]\n",
      "\n",
      "Image ID: 68\n",
      "Camera ID: 1\n",
      "Image Name: DSC05639.jpg\n",
      "Rotation Vector (quaternion): [ 0.76431643  0.47407522 -0.41800554  0.12784539]\n",
      "Translation Vector: [ 1.79437001 -4.00099571  3.37125315]\n",
